863.945622
888.405328
965.082307
1023.787803
1072.10363
1114.57227
1162.359383
1197.338395
1222.280222
1239.383992
1243.204888
1226.330714
1196.472149
1167.338534
1151.578
1120.369669
1086.062168
1099.246703
1063.860902
1010.171589
949.725121
907.107102
916.131543
946.67821
988.772012
1061.686253
1118.186169
1142.847996
1122.839587
1060.223201
1022.492486
998.123551
974.849971
930.007366
864.170933
789.062802
726.298023
673.202472
635.8143
614.323629
608.08284
600.65211
575.941998
527.99369
447.03159
432.924203
454.537044
498.65758
545.396496
590.939821
634.455137
675.144676
705.611876
729.345399
752.922164
784.299919
811.059617
823.782235
826.185616
825.548642
845.580431
870.294524
892.607818
896.087724
903.179829
918.108768
938.216378
939.995794
931.007171
919.160781
908.353884
905.705949
899.124642
892.8307
889.932929
892.166178
902.098664
914.091822
921.285886
927.342606
928.613027
887.526067
889.73807
940.842187
994.680254
1045.478553
1089.400988
1141.805987
1189.068917
1223.488174
1235.072951
1243.970477
1242.419467
1232.413895
1217.436667
1192.707521
1156.951812
1120.709325
1117.762185
1064.477855
1001.71234
943.836456
916.258233
927.396397
951.133581
980.063913
1049.322448
1123.279069
1169.78009
1164.717846
1106.720994
1069.184121
1040.094217
1006.142655
964.000254
904.778361
836.199963
773.066198
722.763529
685.175879
659.692007
645.43979
638.826558
610.827039
553.331309
463.369544
442.638684
458.995505
499.464544
551.813488
598.49772
641.177069
680.732024
715.276752
738.882589
758.962663
784.16927
814.171408
828.666215
832.867393
838.274206
861.169953
888.986069
913.024873
909.68076
909.708748
923.696
949.536736
956.450005
953.508526
941.775325
923.152334
923.052419
919.565978
914.534292
909.218098
908.448296
919.237289
933.530566
941.581816
946.716606
943.386509
922.932533
910.637862
926.637898
959.278372
1005.248442
1063.192059
1129.35107
1179.295201
1215.200115
1238.206275
1248.470585
1255.007371
1257.67734
1254.949484
1219.836829
1182.645858
1147.031677
1112.217833
1056.584335
999.971952
950.661693
928.109501
946.71056
975.711149
1005.300728
1066.373992
1131.607358
1176.594064
1183.052058
1147.992357
1102.089944
1056.435696
1024.082241
985.388704
941.530534
892.302514
836.558382
794.03525
748.44226
703.09303
676.021202
655.729745
618.069894
555.48041
460.704089
428.186462
443.700468
500.069664
553.495705
598.006768
638.456208
677.989381
715.109331
743.608918
765.057561
780.689855
812.607334
833.984341
846.295079
854.446937
873.509311
900.18542
927.230216
931.863831
926.015341
932.528932
953.958548
968.547102
971.690556
964.856537
949.724413
947.122706
940.935163
933.986773
928.305407
927.674599
937.8785
951.961555
961.587345
966.341145
956.582328
972.543424
945.768053
939.22103
950.735679
982.644225
1037.732463
1104.015127
1152.190369
1185.076693
1204.42746
1227.566652
1249.342064
1265.029243
1265.474577
1233.30444
1194.867162
1151.994165
1099.218307
1045.550255
995.454438
953.317114
937.503065
959.409747
990.342558
1021.273636
1082.929985
1139.513576
1173.318205
1170.773047
1150.368834
1111.614013
1069.578352
1041.652923
1011.715261
981.387981
949.080967
911.310589
868.82247
809.55249
741.967584
698.276067
664.998027
620.460492
557.879025
470.416699
424.565222
428.822008
485.424567
544.189276
589.325717
630.580978
674.552597
716.128711
749.987902
774.812271
788.148473
811.879382
838.096284
861.571635
872.42995
886.973394
909.831275
936.721444
951.371095
947.757282
950.221528
963.785808
979.868619
988.385265
987.830835
978.142544
973.854252
966.438013
958.999045
953.816208
953.693003
960.901557
972.067524
983.341574
986.11473
973.014903
1028.445238
989.571712
967.603571
958.841103
971.967367
1014.104741
1071.674261
1115.325614
1143.601656
1153.379773
1193.972929
1233.52087
1261.989785
1262.053622
1239.917864
1199.904698
1145.385928
1083.89249
1034.450507
990.646558
954.521885
946.052189
968.835573
999.569419
1031.559978
1097.03883
1145.190698
1163.634069
1142.360729
1129.959713
1105.17654
1076.955763
1055.47794
1036.336375
1017.641023
999.708585
983.43504
937.397207
864.370063
777.556762
717.557133
673.447609
624.109995
563.58776
488.59828
428.35079
415.000938
461.679729
528.847858
575.94217
618.809354
668.317233
715.68672
755.931358
786.002799
801.242212
812.765598
842.193437
877.069173
890.702392
900.689127
918.556661
943.596065
968.540273
971.660029
972.383147
976.782227
991.19317
1003.990486
1009.832084
1006.482776
1000.716594
993.132982
986.32496
982.250096
983.042141
986.336178
993.295914
1005.721276
1005.328443
990.515021
1072.341132
1046.654065
1015.350873
994.969816
990.378188
1005.853526
1036.344402
1070.864102
1102.640055
1123.70062
1166.495504
1211.014837
1247.848363
1260.165304
1249.501192
1203.341562
1134.302952
1085.279576
1040.149768
998.214312
963.478724
959.283313
980.184296
1006.534645
1032.773025
1087.790127
1129.428109
1141.77591
1112.338082
1083.086336
1058.666696
1040.624139
1031.38036
1015.23874
998.120265
980.92086
964.769629
920.075771
864.039444
803.302977
751.495622
715.702406
668.233886
603.235712
528.197547
450.838055
410.144348
425.789147
510.324967
558.005003
594.172027
636.07998
693.034115
748.017381
792.124809
813.531565
826.221065
852.853869
884.623002
901.976687
910.823549
926.114113
948.811207
975.664807
988.338531
992.875521
993.483374
1006.871789
1016.255076
1022.043525
1023.70496
1014.145831
1009.517959
1007.364444
1006.089563
1010.093752
1013.093286
1017.170782
1025.032619
1017.736008
1001.373316
1090.937348
1085.45934
1058.489516
1036.951292
1024.46685
1023.989929
1029.104523
1054.215374
1087.36722
1115.714697
1151.784681
1193.88358
1234.061798
1257.252024
1244.923908
1193.143356
1119.289935
1077.851384
1038.259015
1001.46345
971.993569
973.895623
997.05767
1021.873816
1042.356268
1084.287517
1118.530749
1126.546354
1094.074395
1049.774738
1015.1953
990.839252
978.270372
960.839903
947.032648
934.917303
920.081202
881.810322
841.194131
802.291799
769.1564
730.185886
677.713973
610.56097
534.167768
454.097531
403.720596
402.735077
499.231801
547.653219
578.521955
612.408756
665.982125
722.476802
772.286722
803.134157
827.360788
857.314482
888.071277
908.492915
919.119602
932.768774
952.405081
982.409904
1004.604236
1013.81002
1011.983407
1020.368007
1027.494777
1033.62413
1037.872723
1027.492864
1025.241788
1027.132487
1030.548278
1035.845079
1038.686522
1040.326618
1042.221193
1029.082523
1011.548741
1085.644169
1107.006359
1097.276401
1084.459278
1073.359419
1067.043023
1048.388802
1063.82906
1096.35118
1128.212757
1149.12881
1181.82749
1220.61031
1253.370915
1226.975367
1170.070142
1100.56595
1062.099305
1029.201339
1000.634704
980.091058
989.812125
1019.147734
1045.120141
1059.843128
1086.210697
1112.227415
1117.575901
1086.91419
1029.268945
974.59298
928.351027
897.765217
874.996174
866.137805
863.21501
850.820361
823.768343
797.089162
776.014768
771.446837
718.446107
654.48141
587.3653
508.383528
439.201035
395.817043
391.801975
495.154205
544.463985
571.358162
596.826062
634.775986
680.292181
727.935633
771.314618
816.871285
855.920875
887.642855
910.516308
925.679764
938.570968
954.468064
988.796718
1020.480156
1035.161999
1032.18205
1031.803476
1037.766717
1044.609064
1049.156328
1040.762275
1040.341323
1045.699963
1055.591722
1060.368605
1063.180765
1062.803504
1057.405328
1039.427134
1021.079363
1055.896079
1092.247278
1109.879064
1111.774471
1108.570707
1106.890242
1096.961061
1094.967572
1108.924226
1149.473722
1169.72012
1195.285512
1222.642824
1243.020224
1210.220677
1155.847673
1094.403101
1058.047979
1034.061079
1014.849691
1000.918654
1005.258605
1026.494541
1051.905815
1076.191768
1097.317527
1116.36578
1119.041986
1094.454531
1051.377532
999.182309
946.39877
902.991451
863.54724
832.925428
807.409612
779.888869
754.528873
729.22193
707.652448
703.09541
650.90118
598.61081
552.726543
481.208242
423.938128
397.027012
411.363102
497.402035
542.686466
572.030815
601.967484
637.623973
678.896878
723.151708
767.477357
820.401171
866.508304
901.20724
915.721652
932.90262
948.705717
965.1491
991.000137
1020.8915
1041.033791
1048.94827
1052.306576
1057.260366
1062.791303
1067.395657
1056.522976
1055.552929
1062.209805
1075.289265
1079.985786
1079.424624
1074.715311
1066.856206
1052.057349
1038.927096
1034.997445
1078.295624
1118.263751
1133.657476
1138.212207
1140.338053
1137.011207
1122.991497
1122.649281
1165.031802
1184.420482
1205.710491
1225.698605
1235.93005
1198.071956
1147.106535
1094.786517
1063.725785
1047.850607
1033.544859
1019.802346
1019.573876
1034.559087
1058.612002
1088.410151
1109.748464
1124.639729
1125.838908
1107.48567
1076.936925
1034.775697
983.495674
925.158728
870.984306
823.980954
782.810579
745.252698
719.457184
692.159668
665.471651
652.200628
607.540872
568.743191
537.588492
469.158471
417.515202
401.396579
430.533712
503.018895
542.770492
571.188676
602.697418
641.421845
681.096622
722.690829
767.560999
825.991793
878.554367
917.241174
926.612845
943.163003
960.341454
977.72074
996.993921
1022.699427
1044.255218
1058.919727
1067.183044
1072.311694
1076.51721
1079.870137
1070.732005
1071.122472
1078.332055
1090.782466
1093.510058
1090.807553
1084.288936
1075.614771
1066.085802
1059.055092
1031.557854
1069.418601
1122.19322
1148.420414
1159.835695
1163.295005
1159.661868
1143.550763
1137.955126
1170.053585
1186.786664
1208.401051
1228.902145
1235.012938
1193.587802
1146.72744
1104.953169
1084.655483
1075.314221
1058.27681
1034.099075
1032.024826
1045.343417
1066.865711
1093.76249
1123.479493
1138.838125
1140.581421
1128.297142
1103.97582
1082.310753
1044.56694
967.205665
902.747392
851.190177
809.342709
772.145746
743.291458
709.602246
671.851787
638.034887
610.767513
586.16938
556.586291
482.821049
426.074013
410.176364
445.928332
513.684903
545.857281
566.985021
593.852052
643.345983
685.206191
725.495361
771.413922
833.633703
891.842118
936.020226
946.791044
958.490722
974.071978
992.607948
1009.822898
1028.448446
1044.577827
1057.755113
1071.620987
1078.910876
1081.974131
1081.888222
1082.063324
1087.28567
1094.009311
1099.714309
1097.235368
1094.815904
1090.989287
1083.78876
1082.244491
1082.188138
1034.262426
1065.300329
1111.940366
1148.627912
1173.621568
1184.961485
1183.811014
1168.643698
1160.25383
1182.960507
1202.15387
1222.944245
1239.458189
1239.653477
1211.239487
1172.585125
1132.269163
1109.684915
1093.788259
1071.224079
1043.937204
1041.654563
1057.639742
1078.217976
1098.358254
1123.805334
1141.733492
1149.829567
1145.758752
1125.180768
1111.999133
1081.85614
1004.523818
924.742227
869.350452
831.777186
798.626144
764.473252
723.719452
679.683654
645.374052
626.599718
597.531973
550.17059
476.624193
427.724418
410.41194
430.366602
501.424305
539.232379
564.029691
589.474908
639.602674
687.720518
732.884798
773.671861
831.904531
896.36082
952.491011
971.509327
981.584505
992.221447
1004.688699
1018.888167
1034.542677
1048.294613
1060.180101
1075.897591
1085.492804
1091.253345
1094.155712
1096.345305
1099.668951
1104.267327
1110.293301
1110.380119
1108.508039
1105.520155
1102.366308
1104.140614
1106.648298
1039.667191
1063.922541
1099.968833
1142.422698
1178.065499
1197.563141
1201.026596
1190.00726
1181.402664
1194.680207
1216.896026
1236.427717
1247.564711
1239.612086
1224.412488
1194.865025
1156.797119
1130.754256
1107.944583
1082.627905
1057.083115
1052.197689
1069.934434
1090.051342
1104.921157
1123.459358
1142.557857
1156.356143
1160.320128
1144.571304
1135.752986
1108.886067
1032.909144
941.360382
884.273775
851.615282
821.685478
781.888658
735.320673
688.418554
660.769252
642.873737
603.340187
537.956712
470.02667
429.717506
409.000758
409.309545
480.26506
524.384028
555.541959
582.895475
631.438589
685.254954
736.528583
775.544027
827.138488
894.804826
960.851215
989.340992
999.205759
1006.660143
1015.291368
1029.558197
1043.954413
1056.076427
1066.429945
1082.08646
1093.021085
1101.352848
1107.80914
1111.326102
1112.80397
1115.790043
1122.936992
1126.495629
1125.930434
1124.261663
1125.16372
1129.04603
1132.802277
1049.00225
1067.774224
1094.122222
1126.852848
1157.64128
1180.730974
1193.641144
1195.007912
1192.807398
1195.780669
1218.614978
1236.389094
1241.249671
1219.140925
1203.916772
1183.064989
1157.535998
1135.048398
1115.114794
1098.732939
1085.109559
1068.185232
1080.953776
1100.90206
1118.742044
1132.109996
1145.902842
1158.33473
1167.930961
1162.753084
1154.516199
1121.350512
1035.192696
948.081279
895.899341
866.153826
833.574022
788.851836
741.244394
698.974367
685.224989
650.048387
595.541552
527.566233
478.75921
438.666296
409.221463
395.750624
448.402553
490.006991
527.380449
565.149177
613.151332
667.363859
723.711631
777.456996
820.018827
880.162458
943.84495
980.175184
991.880874
1004.894908
1023.274926
1048.791765
1064.244935
1074.692964
1082.541815
1094.848657
1103.749843
1111.003784
1117.520504
1126.18142
1131.644351
1136.121839
1141.148332
1144.701573
1147.778193
1150.602247
1153.430287
1159.263939
1163.544087
1058.765892
1073.598533
1093.902988
1118.111853
1140.425139
1156.890539
1171.765712
1180.996639
1186.885606
1191.735579
1214.379161
1229.38801
1230.117831
1204.681013
1187.184071
1168.790278
1150.209422
1137.303364
1126.243085
1119.219264
1113.321021
1088.884986
1097.660173
1117.202151
1137.810764
1149.754251
1159.626514
1169.224134
1179.636786
1180.364505
1167.609246
1128.121248
1043.791935
964.104724
913.129196
880.179201
844.174708
800.00983
756.25263
718.876546
704.128836
647.199943
584.350172
527.14242
490.159719
451.40433
415.866826
389.993756
426.155597
461.993696
499.61105
540.672414
590.658664
640.994995
692.954829
748.235595
794.290541
849.940504
902.884828
926.102025
939.598264
963.64156
999.986044
1045.925013
1073.04191
1092.281472
1106.731484
1118.555686
1126.856799
1133.82463
1140.608942
1150.515522
1157.389698
1162.757068
1167.629177
1172.777184
1177.79695
1182.128531
1185.006868
1191.125668
1194.935609
1068.816511
1080.631919
1096.866324
1113.490153
1126.088463
1131.647149
1144.228768
1158.312789
1172.391371
1184.747343
1206.608956
1218.680533
1216.955818
1194.023491
1173.838421
1155.480081
1141.438701
1140.361588
1140.306091
1141.794646
1140.623165
1112.285582
1116.697338
1134.91766
1158.350695
1171.126818
1178.512287
1185.174396
1194.185997
1197.832421
1177.709194
1131.893666
1055.68278
984.256691
932.561169
893.564666
853.585042
812.725951
775.291311
742.637375
717.703709
639.20397
572.514872
531.686998
501.581438
464.293016
424.441792
388.244222
410.876304
440.115721
474.809344
514.585774
566.789021
611.392396
654.583351
703.728579
757.83163
809.55856
847.632074
848.740288
864.812671
902.36433
959.459456
1028.120213
1071.378533
1104.101066
1129.229548
1142.100817
1150.532687
1157.545329
1164.659571
1175.266199
1184.195047
1191.927476
1198.738426
1206.060822
1211.926689
1216.017247
1217.767019
1223.476958
1226.63744
1079.543274
1089.594536
1102.512394
1114.845659
1124.551232
1130.155949
1136.588798
1148.569921
1162.615587
1174.956174
1194.236562
1207.100564
1208.840388
1190.492828
1175.606699
1166.004102
1161.806599
1163.14938
1163.622605
1162.344972
1157.284972
1138.311892
1129.075751
1137.598179
1165.555911
1182.417607
1194.859036
1205.598404
1216.268363
1216.923074
1187.36685
1135.298251
1067.619285
996.860082
944.42895
903.005504
857.49302
818.826311
786.944457
755.752827
705.469263
631.94286
572.551242
533.912046
498.534246
457.907199
418.051077
385.927538
416.365256
448.107804
479.248999
508.531957
551.51024
594.263688
634.442132
668.95277
710.316618
747.476472
773.071864
772.283347
799.521604
846.68986
908.769597
973.970881
1022.333848
1060.542076
1089.341979
1103.656343
1112.057811
1118.256508
1125.219345
1152.222004
1184.188379
1213.207371
1233.277576
1240.094694
1244.554055
1246.34334
1244.821116
1251.955206
1258.044464
1066.954051
1083.476523
1101.876962
1112.253191
1119.329529
1126.049486
1132.692124
1145.102849
1159.217322
1170.570565
1189.102381
1203.629547
1209.079449
1195.841457
1185.63581
1182.073805
1183.456987
1183.390908
1183.172607
1181.171633
1176.221105
1164.094964
1146.505406
1146.730463
1172.785309
1193.408396
1209.40003
1223.851537
1238.558186
1235.028709
1200.292474
1145.476828
1081.743232
1014.944368
961.872355
916.144013
864.521798
827.913257
795.388735
757.958288
690.715413
625.552429
572.505405
532.066419
491.394321
448.920924
411.037433
383.996602
409.163795
441.819248
475.180963
504.577029
540.153449
576.137722
608.556384
632.255037
661.587415
686.918474
705.205769
710.629147
743.888406
794.087169
855.856461
917.279027
969.361888
1012.329515
1043.752125
1049.413428
1054.160116
1060.455983
1071.489393
1114.340751
1164.371722
1211.863544
1249.48516
1265.514419
1272.630737
1272.088666
1264.738327
1265.55283
1272.241028
1032.408645
1063.157392
1095.32637
1105.942999
1110.638236
1119.480285
1132.320436
1147.545565
1161.824635
1171.275261
1190.784277
1207.794563
1217.185761
1209.551531
1203.443976
1203.365762
1206.315071
1201.234672
1199.175763
1198.375155
1197.298921
1189.648982
1168.69171
1161.93824
1180.037478
1204.116678
1222.24058
1240.060404
1261.043369
1252.206774
1216.295475
1162.034335
1097.927047
1038.189902
984.56621
932.764541
874.489368
839.812611
800.811288
749.890036
673.589093
619.981897
572.382156
526.387521
480.400354
437.485851
403.437188
382.428917
390.012034
422.082909
463.101413
502.598581
532.489915
557.072658
577.261133
593.747469
611.714834
627.79568
643.643382
662.914382
697.349824
744.37711
800.849711
858.192932
912.691695
959.734782
992.792548
980.293449
977.972355
985.223371
1004.303103
1062.487748
1125.900409
1189.215425
1248.430288
1282.822381
1296.422132
1293.520379
1277.93488
1265.137679
1270.230857
1036.132434
1068.47178
1095.433174
1111.996282
1125.392351
1140.199826
1153.249683
1168.558389
1183.273471
1194.090935
1206.928212
1218.524428
1226.522803
1226.354559
1228.595293
1231.55357
1233.242525
1227.962649
1228.073817
1225.297752
1217.739822
1206.278456
1194.993764
1190.468696
1196.479385
1221.266496
1239.52183
1243.476896
1226.724017
1185.019604
1155.163232
1122.448124
1069.3255
1042.377477
998.641575
940.895268
877.251033
823.246729
768.682575
711.616469
650.009113
592.746062
544.185703
504.234047
465.252538
433.952121
412.008299
399.885352
388.315682
400.380048
427.929461
466.118656
498.156402
521.56556
537.803489
547.957554
568.50078
595.032777
627.192768
665.418117
705.162159
744.901844
784.032773
821.194563
849.649563
879.038582
906.884089
902.870512
905.985828
924.052826
961.26478
1016.73914
1065.519945
1109.334655
1149.17906
1200.785729
1223.718971
1220.467454
1191.685236
1168.519886
1172.925386
1027.505014
1062.091962
1090.946271
1115.00466
1135.92951
1154.598755
1169.796546
1185.32431
1199.245523
1209.202551
1217.271253
1225.48274
1233.215008
1239.054444
1248.243413
1254.984106
1257.822197
1254.186657
1254.456091
1249.119354
1237.061698
1225.4178
1222.353628
1219.382223
1215.113831
1235.473604
1249.309898
1239.797084
1193.882676
1126.089233
1092.997603
1069.666978
1027.72682
1013.892227
978.423251
924.865159
863.031474
799.082634
738.114079
681.986586
634.939688
580.071441
533.66004
498.319079
464.686132
441.003682
425.396251
415.716783
389.845549
387.506131
403.903897
436.790868
468.265189
492.836788
511.133572
523.322347
549.641029
585.084851
627.534696
674.144602
712.250457
743.052562
767.798217
789.60734
796.439542
812.758137
839.380726
841.746486
852.975634
879.531877
923.872607
969.621246
1004.26362
1033.886208
1062.744223
1122.169061
1148.662218
1144.473381
1109.535329
1080.939721
1085.40832
994.209058
1033.422016
1078.046572
1111.636957
1137.000295
1155.598803
1176.813892
1193.063763
1204.090716
1209.104156
1216.381631
1225.423388
1235.325276
1244.526959
1257.876723
1269.702154
1278.035126
1278.667556
1275.300725
1266.736317
1254.561409
1249.685464
1251.082553
1247.601385
1236.519671
1244.072549
1246.02078
1225.44246
1169.246379
1089.562443
1036.848773
1000.291669
968.724905
932.250564
901.266328
868.963454
820.913147
764.974165
713.952594
669.964726
634.864813
594.120436
555.744039
521.432864
489.11599
465.103069
445.276877
426.895557
395.057776
389.712101
400.989459
422.989078
448.544534
477.1874
506.839685
535.078042
571.163175
610.942466
651.644574
688.308916
712.65141
732.148751
748.703987
764.919451
760.443464
773.603511
806.41637
808.931083
831.529392
861.661073
893.56866
919.581267
943.734682
971.665659
1007.789833
1059.309741
1079.344191
1073.025482
1044.298778
1018.269972
1023.975923
993.433975
1015.535971
1051.350329
1083.923368
1113.307701
1139.376632
1165.818531
1185.240775
1198.825322
1207.362077
1218.543894
1229.429601
1239.934126
1250.119646
1264.769908
1279.09045
1290.711795
1293.869938
1287.477679
1278.758884
1269.764687
1262.266812
1259.071591
1253.07075
1242.137117
1238.122752
1229.475929
1205.015172
1155.896626
1079.753437
1023.030233
977.668328
935.281716
884.891501
843.392769
807.776834
771.176334
731.161898
691.418273
653.708508
622.329747
594.66556
567.407856
539.102219
506.095004
480.848451
460.744342
443.59584
412.720532
399.137186
401.627039
420.437753
454.133024
487.378015
518.800119
546.562785
581.345925
617.173053
653.017289
687.503217
709.488303
723.404258
730.948685
735.193836
730.136525
743.027452
774.447588
783.207522
809.199914
837.154701
860.605088
882.524702
905.059547
933.850955
973.397466
1013.16359
1024.622067
1015.518698
993.611742
970.960811
976.518503
1004.730181
1008.485759
1033.523744
1063.089026
1094.250695
1125.130521
1154.254201
1176.236634
1193.466543
1208.211017
1222.68238
1234.756383
1245.117079
1255.048535
1269.80719
1286.103422
1300.940592
1306.068701
1296.652506
1286.127663
1276.355908
1259.428024
1248.154026
1239.568608
1231.982191
1218.484947
1199.912841
1173.54197
1136.689961
1068.406919
1011.385135
959.376661
905.518695
846.076976
795.470568
754.848466
726.146869
700.046966
670.368833
638.145649
609.255677
591.893276
573.515541
550.24162
517.957336
492.73097
474.275871
460.93714
428.968893
407.596615
403.126328
421.23997
464.846061
500.7637
529.711185
551.899036
582.971693
613.680368
644.365136
676.746525
696.654656
706.45683
707.706533
703.790391
702.811906
716.575631
744.156833
759.932947
786.394006
810.993494
828.961213
852.491872
876.132728
906.041317
947.017985
974.294888
976.758182
964.671966
949.509264
929.860576
935.083809
1029.417683
1028.791368
1056.935688
1085.606159
1111.368571
1131.85816
1155.787076
1176.235501
1196.217116
1219.118499
1230.906017
1241.125069
1250.143935
1257.65119
1270.903112
1289.590362
1309.238167
1315.92385
1302.979869
1282.549771
1255.978595
1214.611158
1191.108095
1181.394771
1182.085122
1165.062468
1137.734114
1110.083767
1088.439305
1029.647185
971.766099
916.665509
866.806109
807.358789
764.857606
734.017675
703.250555
677.731118
652.943621
628.435439
604.753837
589.244938
569.670511
544.01748
518.867119
498.618142
484.991346
475.828521
430.102129
406.803783
404.556486
423.916597
471.661339
503.338666
523.562571
536.841308
565.346784
593.929648
621.034371
645.088626
654.358714
660.201091
664.948197
670.956779
680.74957
696.808634
718.664185
738.96355
762.726103
784.810293
803.958671
835.198258
861.692944
891.4538
930.381668
945.909224
939.735233
924.546999
915.368554
896.786726
902.205319
1050.729952
1044.285663
1068.181265
1098.675582
1127.357956
1148.584027
1169.899453
1186.289113
1203.198845
1226.878139
1240.545829
1251.343447
1259.969867
1266.842638
1277.21737
1295.485336
1313.531933
1303.889745
1280.21645
1253.413506
1222.988354
1171.370582
1130.5291
1113.055693
1122.048323
1117.784409
1087.668845
1055.016988
1035.424833
1004.099152
943.504446
876.062019
827.459802
777.015318
739.941496
711.429294
681.600201
662.30735
643.711983
623.821178
600.376787
579.56302
557.992018
535.809898
518.918599
505.540992
491.707597
473.27838
419.77773
402.040254
408.012044
430.890947
480.778702
513.856588
534.242914
545.727782
567.6119
587.759572
604.38741
614.887634
620.938831
628.007119
637.016864
648.641565
665.788167
684.643718
704.423605
726.23462
749.916631
773.47751
796.703624
828.727825
855.327999
885.177184
924.612378
932.478907
916.10826
893.730636
887.586101
867.408394
873.291733
1070.183302
1057.722416
1072.727148
1104.741518
1139.463088
1167.499416
1189.486054
1201.736826
1212.914483
1232.779246
1250.164479
1262.610913
1271.477942
1279.137061
1286.481351
1302.738963
1315.306749
1280.222876
1241.227403
1209.075372
1181.408431
1129.732527
1072.262168
1043.171545
1055.068012
1070.829429
1042.36159
1004.089611
979.255851
982.630212
920.570323
839.04504
790.204313
752.001298
718.597771
688.986227
662.246904
650.549499
637.655115
620.48873
595.83341
566.977382
543.283961
527.118496
518.107525
511.359827
494.522517
461.240904
405.020671
396.964466
413.840647
441.022093
490.717703
526.883496
551.172047
564.461613
577.477829
586.352379
590.119528
586.685663
593.69033
604.634414
618.20722
633.308543
655.470402
677.38539
697.679961
719.594237
743.538845
769.443836
797.42737
828.121494
854.825425
884.81022
923.374496
926.026152
899.558242
868.701142
863.97792
840.972744
847.559851
1088.509538
1075.765751
1073.220366
1088.769034
1116.965177
1154.957845
1198.021215
1219.036059
1228.276721
1236.319482
1251.852234
1263.927637
1274.508101
1288.115853
1298.282122
1311.13682
1312.452345
1253.681584
1190.385976
1144.395535
1118.380627
1096.324456
1057.481017
1012.413825
970.445433
993.816571
981.026707
950.906172
915.927674
932.033491
891.698513
828.177665
778.331233
737.305801
703.717797
677.634917
660.207479
639.73036
620.300157
602.862865
588.865959
562.218762
539.436962
524.148632
512.920372
499.9598
478.182034
444.6235
406.134231
410.227464
433.537369
460.873582
496.744362
522.992447
542.043171
556.154811
558.805641
560.982056
564.425117
571.522843
582.863218
597.252178
614.373961
633.962308
655.210786
680.215583
708.329056
731.966108
745.52206
761.140163
785.24085
830.114032
871.864117
901.195504
910.516821
911.359154
884.325039
853.704917
849.546968
825.289462
833.621283
1108.887808
1095.711922
1083.211928
1084.590885
1100.734407
1133.233574
1180.4356
1211.333974
1230.779861
1243.20598
1259.509988
1272.360316
1283.547542
1296.921895
1308.528198
1313.208511
1298.255506
1223.820714
1151.24716
1094.540236
1057.683053
1042.901312
1022.822533
979.253794
912.036875
924.314611
920.274425
899.857054
862.779503
881.57545
861.936018
819.393387
770.01493
726.144996
690.873162
664.626415
648.97661
627.767512
606.845637
588.133285
575.505725
553.664079
533.860311
518.372962
503.780105
487.124445
466.244058
439.854017
406.198124
421.775158
452.052346
473.665023
498.291149
517.039735
531.689775
544.009563
545.684447
549.789606
557.72414
571.2583
584.085523
600.751234
621.095095
642.723744
661.134616
682.567673
706.910401
723.345876
733.413483
750.350306
780.933561
832.332012
875.964611
898.966084
890.739056
895.595987
874.591662
845.837842
831.262792
806.913361
819.425361
1131.193162
1117.445062
1102.123466
1091.488897
1090.389163
1102.885749
1138.319741
1180.152939
1221.206913
1253.234978
1272.77422
1287.475648
1298.230351
1305.565705
1317.314247
1309.339246
1273.406889
1190.842402
1123.098366
1058.606786
999.173819
970.681841
969.497078
943.837731
878.246126
861.866201
860.069271
850.812295
819.191462
831.247645
831.337076
812.565363
765.038828
718.303649
679.939931
650.061631
629.11398
614.730599
597.054052
576.123631
556.141975
541.544482
526.65933
509.962335
490.927437
472.941162
458.440515
446.211017
405.276266
431.711997
469.457535
479.826315
495.63085
509.150899
520.186422
528.259598
537.776237
551.911717
568.860059
584.984854
596.623538
614.469003
637.727947
659.099163
672.865372
684.470774
694.15882
695.011784
708.071186
737.225652
784.025726
834.761705
867.914732
879.255438
864.462577
878.803397
870.023219
844.665814
809.360022
786.008411
804.987755
1158.552299
1146.350555
1133.067321
1120.82175
1115.793475
1122.606896
1140.032454
1159.012323
1182.32762
1213.557308
1242.496504
1264.036908
1276.98274
1278.541996
1292.773511
1297.464218
1280.03489
1207.829856
1144.020248
1084.229051
1027.038932
970.233295
931.028884
891.521509
846.434032
822.653137
812.326818
802.292052
783.87482
788.035373
783.902686
770.263897
744.789762
714.038702
687.586272
663.044729
635.030164
612.906304
596.769966
586.027369
579.176303
574.050849
561.461046
539.650995
512.475706
492.574471
468.839873
436.797525
402.980716
426.745881
466.969205
495.674623
517.870181
532.977211
543.05521
550.124369
564.018377
577.161277
588.748198
597.842919
605.786496
617.246816
631.943795
646.986011
658.483145
672.27734
688.986787
702.916814
722.98138
750.556267
787.146846
839.505413
866.24716
870.226756
852.257433
873.736631
870.187817
847.228735
810.063802
776.03915
785.622575
1186.24686
1173.882971
1161.168964
1149.466927
1143.557368
1146.944001
1153.173324
1156.379912
1164.364015
1186.460872
1215.219413
1239.712259
1256.722733
1260.303913
1278.383786
1287.683905
1274.254375
1201.490528
1139.469268
1083.224556
1029.092538
962.897876
905.365185
860.198719
828.573846
798.773981
779.21184
765.014565
753.273568
750.284076
740.673009
728.159684
716.837243
698.300908
683.611398
667.844815
640.192807
617.071745
603.803413
599.762818
601.372623
598.940256
585.547084
559.787473
524.485822
496.555251
464.257136
424.337171
402.600432
422.711863
459.672096
496.865673
527.415012
546.287951
557.288159
564.280771
579.00922
591.048057
600.331759
607.582089
617.405703
628.120291
639.305318
650.385008
660.488203
676.466208
699.408594
724.546759
748.327059
772.28576
798.429361
844.444848
861.855015
858.957977
840.681137
862.876422
862.318087
842.705006
806.874662
761.903455
759.766699
1214.004817
1198.397582
1183.302492
1174.735188
1171.747615
1174.082033
1181.182116
1183.859932
1184.454568
1185.430716
1197.296273
1217.715695
1241.679847
1260.362945
1284.354217
1282.216756
1244.50272
1150.999376
1087.248196
1031.374554
979.213671
936.88215
899.750888
865.832484
833.96654
798.365905
769.447192
746.580691
729.778501
721.006495
706.176914
689.899016
677.449732
662.926783
658.265453
656.164467
641.536772
630.193952
622.194048
617.768651
617.962917
606.609781
587.464984
560.097736
517.059457
470.881057
432.692035
408.317348
405.575114
421.719866
446.262489
472.463418
513.159204
538.78538
553.603984
561.757801
571.709133
583.547856
597.091425
612.165363
633.487236
653.683136
670.979975
682.675546
692.62044
709.584201
735.28834
765.656146
787.226339
805.511944
823.425749
849.484143
852.251842
842.866738
828.768613
841.118346
840.476583
825.901067
794.904599
739.682614
723.489855
1241.259617
1225.997582
1209.185673
1200.585803
1196.52362
1194.983723
1204.31131
1210.417961
1212.199848
1207.98858
1208.643777
1228.221169
1255.821666
1270.540407
1292.50367
1276.771047
1220.040054
1126.569996
1057.986754
1000.245958
950.638801
912.542336
880.550619
851.750906
824.659881
794.281814
764.177701
736.671401
713.597855
699.071504
680.837667
661.840099
645.464318
631.678024
626.187018
626.841373
629.607263
632.04956
626.507985
616.99034
619.601573
603.586863
577.272613
541.763925
492.043777
452.473423
429.93242
426.59257
421.438216
439.36126
462.218477
477.635387
502.650862
521.226699
533.883682
540.692474
550.657288
566.239602
585.71366
605.810769
632.028219
660.053313
686.196551
699.936781
715.966835
736.813215
762.213927
786.140938
801.609558
814.069538
826.04173
840.951999
827.940335
809.067088
800.011207
799.765811
792.958064
776.48072
745.538842
707.731698
693.30382
1265.52485
1253.845621
1236.323783
1226.750067
1219.982737
1213.109851
1227.418637
1238.03569
1242.466263
1237.281203
1227.097066
1244.867824
1273.979818
1281.417423
1295.033134
1268.417844
1202.328977
1114.599675
1043.128431
984.355496
936.957494
897.593354
865.332781
838.225353
815.402596
793.260305
764.827072
734.991041
707.110873
688.050562
667.030518
645.423957
624.788268
610.253982
600.576589
598.459899
610.16467
621.65417
617.983189
605.214062
608.921201
590.433446
559.912529
519.328326
466.144924
438.65268
435.672474
453.626795
437.935614
458.045739
484.243598
495.980001
504.889275
515.860463
525.94957
531.504307
542.676783
561.395919
584.832763
607.671407
633.407136
663.682566
694.068713
708.891038
730.009102
752.875424
775.471777
792.588612
802.118919
808.707231
814.479557
822.319819
795.59512
768.485747
765.732073
755.22499
739.598582
717.9527
688.596053
672.909618
666.214118
1280.21854
1279.972878
1264.555975
1253.480956
1241.863641
1227.116609
1254.484843
1269.9554
1274.830099
1269.582346
1245.10292
1255.17453
1281.440564
1286.27077
1276.987328
1250.333823
1202.802831
1122.717122
1057.41567
1002.24954
955.428198
912.631685
874.644972
842.847775
818.456085
805.507441
781.535404
753.757469
726.963874
707.423288
684.182674
659.473475
635.777351
618.242795
602.136874
587.802014
576.590646
579.641091
578.19918
572.21773
569.440759
552.271907
528.61367
498.595108
451.829391
434.151198
446.006012
481.584937
445.902532
464.818411
502.279667
533.893988
546.614494
559.534903
570.640139
577.315577
589.726742
606.297043
625.742728
646.014562
658.760242
674.013754
691.00432
702.512509
720.228526
736.498487
750.468284
769.184028
776.536881
777.225739
774.044764
781.160148
748.564823
719.880871
726.925065
716.223587
687.942594
655.948931
637.239991
636.535599
644.435651
1286.9799
1295.56259
1287.98248
1278.705599
1264.301474
1243.041553
1272.773756
1293.279476
1300.647883
1289.175941
1257.782456
1254.966714
1265.331435
1256.958462
1226.011558
1199.023013
1169.988114
1108.825525
1054.861614
1005.004158
959.553111
924.198708
893.584233
867.62894
846.797963
834.35942
809.185729
779.489152
750.642258
724.580184
703.741905
683.762753
659.59707
637.12102
614.79824
592.287687
569.06115
560.597479
551.163529
539.949697
531.121279
515.689796
500.607546
483.944528
444.160454
426.865545
440.064835
480.937923
450.386791
469.002857
507.86011
547.741047
575.654662
598.778451
615.432835
622.969035
635.350051
648.712297
663.39557
680.6702
689.488333
697.001001
704.727045
714.394653
726.282696
735.809886
741.786178
744.457723
739.239006
729.498168
718.170057
727.7748
700.553776
675.92329
682.531963
665.58277
635.189397
605.550451
594.49784
600.695189
613.65246
1288.249492
1305.682718
1309.073955
1303.037826
1286.932795
1260.613956
1285.435356
1310.587933
1321.801961
1301.504723
1266.910588
1248.171952
1235.730598
1209.549216
1159.031277
1131.082062
1118.661909
1081.664324
1041.519793
998.096668
954.79452
931.1541
914.19075
899.080837
883.844356
867.911806
839.873143
807.189799
774.669402
741.135159
724.85502
712.448449
688.565197
658.593795
629.344282
600.918486
572.919433
553.440317
533.029063
512.39572
498.018241
484.001774
476.813959
472.672102
439.429712
418.750436
427.241158
466.871618
453.03295
471.763971
507.12077
548.93942
595.259418
631.834836
656.893451
667.196097
679.164055
689.144791
699.011055
712.903756
722.311821
726.245436
727.483815
735.623866
738.551465
739.576142
737.103823
716.43242
694.580693
672.886159
654.074548
666.718074
649.889758
632.019789
633.539602
609.609174
584.422972
565.173126
561.413768
570.71168
584.171132
1275.082919
1315.61527
1331.737677
1326.193049
1308.579825
1284.999741
1286.797527
1311.5809
1329.673078
1306.650632
1267.761343
1229.444523
1192.630374
1157.756147
1102.780782
1068.961092
1053.921016
1034.915386
1006.596749
972.15822
934.832579
908.82385
900.337373
891.444209
875.353669
861.005562
843.272527
817.890885
781.740625
763.352508
749.177711
731.762443
702.04205
648.458785
603.760498
571.178163
555.07965
546.317518
538.877122
529.951967
512.922509
494.716733
479.116039
463.805623
429.494605
416.98926
430.404711
467.152427
455.300914
473.648036
507.671892
548.080822
584.984734
624.382349
663.148945
697.436933
711.836594
722.331142
730.962434
739.787653
748.007515
752.469906
753.873601
755.812981
730.253785
705.261354
686.200785
661.207359
636.408845
611.285987
587.555341
591.657158
576.910379
563.673056
566.769293
560.799675
560.223916
566.577196
582.430577
598.772224
616.681658
1259.847981
1308.468289
1339.1825
1341.853886
1329.486055
1309.860247
1289.501813
1294.904088
1298.088764
1266.991958
1227.073022
1182.810165
1139.186817
1105.272509
1058.943293
1023.489005
1001.27482
991.416868
977.331598
954.094506
921.613677
886.700002
876.305777
869.33463
857.298759
842.489496
831.830978
816.720554
791.152851
774.331702
755.759309
732.815595
702.006726
642.115483
595.877996
566.52924
557.989884
556.361893
556.821759
554.130372
533.062907
510.466171
485.841017
458.56336
425.879338
424.680714
446.943265
484.975908
470.187172
475.578493
499.709862
542.681661
583.023287
626.803426
671.467689
714.003369
734.172783
745.669956
751.579179
755.861093
757.067195
756.283185
752.24275
739.896514
696.868988
656.986479
627.607057
599.600495
577.533428
558.442845
542.449265
546.818223
540.861445
536.57147
542.759414
548.982255
561.921443
581.223843
607.045293
626.436274
644.027005
1242.675929
1285.325567
1332.37415
1350.495898
1349.698492
1335.165351
1293.463049
1261.678745
1229.552686
1185.371802
1147.481511
1110.039728
1076.056269
1052.142124
1026.731138
993.609338
959.955847
950.962511
953.365315
943.405829
914.709929
864.769458
842.741826
833.670488
830.28653
813.100316
806.490234
804.432113
802.75753
774.785865
745.725585
716.766659
689.316648
639.323283
604.573531
585.379529
580.333432
582.484088
586.095378
584.510721
558.107174
530.930622
496.708236
456.715337
428.182883
441.224978
476.0081
519.228881
496.891023
477.552396
483.774886
533.030062
588.847557
638.471532
681.71876
717.763124
746.828518
759.786114
761.580536
761.81006
750.546509
739.107388
724.369329
690.165563
639.988991
595.637363
561.810654
532.016786
517.999085
513.801051
517.397536
530.283517
539.399512
548.097798
558.796577
571.809561
587.872268
608.272752
635.029607
653.728988
666.534931
1249.408178
1279.60172
1318.558932
1341.616719
1345.681081
1327.078468
1268.218053
1219.626225
1175.7871
1130.873391
1095.652804
1062.601066
1031.997018
1005.334567
987.169368
965.085448
940.803413
924.665565
926.389123
924.851554
912.731848
878.005601
850.106719
826.645769
806.906003
791.721776
780.223326
773.454697
772.24071
758.44035
738.740532
716.820318
696.79043
658.402144
633.936976
621.792224
617.022361
615.063103
611.91301
602.591155
572.083836
533.694929
488.817384
444.671616
441.878864
469.875742
510.192421
550.280824
524.276601
491.19095
478.862503
508.340694
562.499464
608.304515
644.291809
667.756693
688.406005
702.678224
708.650528
701.906879
687.548013
672.293935
653.95073
621.682705
582.596006
550.059991
527.848553
517.09863
520.217668
528.718923
539.148503
552.031685
563.189133
573.997027
585.431299
596.809689
611.644929
631.345501
658.13018
682.467453
702.119216
1263.352923
1282.323302
1309.640297
1326.230916
1324.182974
1296.697016
1231.190422
1174.827854
1125.489382
1081.430177
1049.890471
1023.603546
999.626514
973.335785
953.472359
936.426208
920.264283
900.44625
899.544603
903.471972
905.076943
883.125518
855.37378
827.523227
802.320175
784.084406
765.76244
750.820057
741.823579
733.964057
720.379761
703.888728
687.524892
659.779677
645.842962
641.478757
637.026996
626.120656
612.592797
594.5875
563.962259
520.500819
473.037237
433.346891
457.504176
498.489378
542.414627
579.031499
552.542602
511.38399
483.395324
489.230575
527.024629
561.329709
588.135844
601.871818
618.220597
635.979876
646.799263
633.312709
617.320158
601.331577
583.885086
558.746376
533.881714
517.616936
512.198155
517.27841
532.647081
549.380877
563.690694
577.024432
590.427634
603.319973
615.244181
626.567096
640.533039
658.772258
683.725338
712.029804
737.37296
1287.055196
1297.500447
1309.610001
1301.648547
1275.751728
1232.208097
1177.263265
1126.288086
1079.563932
1037.815827
1011.58906
996.28342
984.985685
965.537314
930.319551
907.408052
895.241571
878.329191
873.214003
878.124145
887.428959
871.217936
853.137466
838.852612
828.876433
798.693821
771.176187
743.987081
715.677565
697.499161
682.65865
667.627672
648.24316
629.362552
626.480188
631.424612
627.674562
600.483686
571.483608
544.070862
519.887075
482.288377
445.86397
424.220455
475.252632
525.861211
570.84993
604.237625
582.217581
541.424429
502.682333
480.935283
479.389983
490.264763
505.239467
514.616675
535.248492
560.149582
576.129504
556.570508
540.480273
528.252914
518.556258
506.931924
499.761057
505.647514
524.132558
537.627729
556.17086
573.865571
588.35022
603.724363
620.985373
636.979936
649.350426
664.08499
678.205782
693.882821
713.976737
742.831949
770.798707
1265.139172
1268.597232
1267.373926
1248.453371
1219.096866
1183.409399
1138.870577
1096.181015
1057.392578
1025.212648
993.789812
973.085377
960.793845
952.640016
926.554177
897.937173
871.226318
854.281173
849.139106
857.876952
875.152357
867.153408
846.762677
829.510725
820.853767
806.323269
784.832171
756.966535
722.908111
700.554521
685.791814
670.618124
645.59415
612.975022
592.784234
580.92802
568.401835
541.578088
516.426369
495.023232
477.403275
447.518391
428.586667
432.69889
495.433446
549.025083
591.808393
620.304857
606.426772
567.284678
526.035753
498.905493
479.764518
477.33056
482.737063
485.978561
491.852603
507.572248
521.327805
508.47605
501.173907
498.116815
498.248072
498.898905
504.605543
519.276639
541.953644
559.81767
579.084836
598.730998
618.194877
635.78519
654.142621
671.190068
685.339844
700.281168
715.421436
731.084711
747.725479
771.034977
798.577563
1225.282036
1223.251065
1213.082002
1189.708459
1162.981374
1139.075954
1105.657402
1072.072245
1042.047128
1020.163672
984.477014
955.142482
935.738921
932.343595
919.224744
889.06898
850.550423
833.311354
827.187782
837.160253
858.923652
860.384686
840.705772
820.119053
807.367095
806.088512
792.238133
768.279146
735.44102
712.706194
699.073328
682.675236
649.307843
601.924037
560.670133
528.457376
509.951778
490.115889
473.98516
461.351531
449.61739
423.619556
419.88523
449.058464
517.793034
572.273147
612.716873
637.309386
630.810893
592.579566
549.895971
521.676215
493.83696
483.559213
482.339055
480.7259
468.788944
471.394295
480.264676
476.790541
480.315397
486.999845
495.922006
505.992597
521.890943
541.338031
563.225011
584.100146
603.284836
624.590463
649.262515
669.763382
688.657782
706.064206
721.956726
734.81573
746.861551
758.829365
771.631477
789.361099
815.949446
1163.106652
1159.311902
1153.260506
1135.945081
1115.400742
1096.743014
1076.949356
1052.818106
1029.949184
1014.83816
986.603047
951.309766
915.639553
891.602616
884.145005
866.185936
840.161853
824.16801
810.454745
810.700727
825.140521
838.188716
839.098553
827.503422
804.036951
785.403192
772.089569
757.806851
738.264898
722.739433
712.644139
692.735499
644.17252
597.13412
545.567429
502.563051
495.153056
490.690729
484.960208
477.645227
469.440256
433.077335
431.612798
477.217018
545.409824
599.250142
639.586875
664.92318
660.256803
619.418986
572.110016
538.895872
514.147221
505.917012
506.004417
505.256166
480.952868
470.734022
471.916852
476.233111
490.087624
503.981612
516.540479
527.543978
548.643323
570.481049
591.153932
613.837816
632.264363
653.445935
680.150483
705.728678
725.56142
742.697172
759.11833
764.903866
759.455939
753.387396
759.91558
776.948163
803.316159
1105.296092
1099.503535
1097.827136
1089.457193
1076.736886
1061.109288
1053.400145
1037.433486
1017.313925
997.319145
981.189014
953.935525
920.13144
889.002367
872.477059
851.140764
825.809848
806.683107
787.094546
779.521962
786.110757
801.064892
813.956797
812.643405
792.682
770.103459
759.470642
752.048366
742.050103
730.620119
708.382341
670.709875
610.698781
566.138189
531.936314
511.733803
514.754383
516.952056
518.232939
515.444376
497.989915
452.642283
438.595786
469.705935
537.300789
592.958138
639.445801
675.219519
671.396978
633.679554
588.057724
552.383815
523.099948
517.853171
525.931148
535.610411
505.42339
484.508947
475.183958
477.894826
485.278494
493.35948
501.454823
509.158
523.327018
545.229463
574.646488
607.525056
635.187725
661.118277
686.064366
700.454895
717.201473
731.928412
741.279594
741.105121
734.316662
732.480578
750.530323
773.792121
801.907932
1052.290642
1044.614533
1047.640354
1048.992663
1044.603593
1031.698643
1032.191789
1022.858117
1004.155911
975.715065
971.681253
957.776926
934.358321
904.102642
873.328825
842.583873
813.086257
788.576485
763.9277
749.247422
747.176216
758.092159
776.847773
785.343746
776.208766
758.012743
751.241941
748.729201
745.733442
734.608669
693.397708
633.110863
564.867574
526.415312
522.26001
538.830872
551.748745
556.283885
562.11078
562.339566
529.731871
476.76053
443.576092
445.372709
510.234318
567.750806
621.622437
669.777317
668.003979
638.76762
600.047528
563.900566
526.541849
523.529011
541.401747
565.821635
535.044829
505.867788
485.336411
482.136381
475.82864
472.577245
472.824125
475.417754
477.101103
496.498574
536.169886
580.552545
620.957393
653.183045
673.997494
670.789863
682.208723
693.386717
693.500617
690.243277
691.653602
705.406331
742.260888
774.874843
806.061895
1025.621785
1018.485144
1028.218981
1031.946283
1032.389099
1030.830965
1007.684013
996.046426
988.464916
976.840181
960.061989
939.802412
918.178084
898.871666
878.764461
859.248382
838.237038
808.426665
778.00434
753.399095
737.130227
734.202797
741.504834
748.076548
749.636593
750.369482
748.237859
745.493097
743.253051
709.90877
662.684151
605.573857
542.330075
536.08386
545.540521
564.284447
585.137362
593.780668
596.753997
588.651629
547.977161
494.075338
453.139856
437.285442
477.692398
524.434524
565.120303
594.141487
612.104352
616.170173
604.551606
574.938124
533.563301
520.077249
530.803901
563.580519
552.327141
528.655992
504.715043
501.179098
496.078628
493.842247
494.41806
495.760749
492.194667
494.958537
507.490242
532.275948
568.420351
596.966092
609.339292
608.937705
613.318873
620.562924
629.505752
646.913734
668.979254
696.986959
733.101855
770.433031
807.870631
1001.048575
998.329075
1016.246478
1017.923049
1015.021563
1014.555942
986.018459
973.139962
968.142191
962.919964
944.686166
924.330017
905.051312
892.023502
881.484247
872.757639
860.456355
827.504856
795.881607
767.93471
744.993312
731.095715
720.431601
713.442279
710.840533
716.811488
715.330561
712.21754
710.890586
672.506007
630.053369
585.557826
541.204061
553.123253
569.149234
587.442042
609.988596
621.734875
623.357091
609.917007
563.68476
516.099553
473.675428
442.610714
449.116926
476.245351
502.437682
519.775434
546.494675
572.995083
587.007888
578.896039
541.874478
523.205032
525.918311
555.713409
563.253287
551.84297
532.589259
526.390794
520.930103
517.635739
516.043754
514.056076
508.969033
503.164963
498.794794
505.193369
530.064891
551.887985
561.562198
567.547534
574.57008
585.83463
603.988799
631.29809
661.204221
692.34282
723.122939
759.240927
802.469213
978.432673
983.752012
1011.231126
1006.723394
992.841154
983.890656
967.007504
953.88093
943.493489
934.947596
925.801765
911.194569
894.776435
883.664906
881.667463
883.319933
879.937721
845.862019
817.308609
792.168792
769.583242
747.399015
712.686088
681.267132
660.62752
659.049467
654.494042
650.885518
650.618647
623.238931
595.631923
572.56629
560.0761
577.046923
593.064484
608.455219
626.866023
640.776438
642.450811
626.468846
577.022188
542.522294
504.458531
460.463127
424.246065
423.50496
433.982564
446.595335
471.815936
510.600738
548.871811
576.241659
551.390243
532.478028
526.367895
542.591692
568.242854
575.402397
568.398243
557.364238
550.079307
543.790809
537.699112
530.438906
527.313247
520.474461
508.76433
497.905731
504.954845
517.213416
529.551841
545.268596
563.972648
586.687044
614.409722
641.566873
667.344958
691.224699
712.378261
741.744136
790.333603
945.256071
960.137805
991.557519
995.135888
985.267303
970.688353
952.457467
943.076983
936.755697
927.191658
922.188676
911.922685
896.996386
878.896581
871.20694
878.88677
890.492726
868.190149
848.20587
826.78559
802.504237
772.579001
736.314291
703.770519
677.713096
638.57567
623.288287
618.917185
617.040817
596.507264
580.699344
574.711131
585.46116
604.188154
621.795766
637.943613
652.723075
657.428857
648.769754
626.887396
592.531705
560.906327
524.831878
483.931484
446.921294
435.40256
434.990803
439.39741
440.545015
463.609347
499.440034
541.976764
538.836779
531.004875
527.675154
540.41923
564.264296
582.283768
591.827796
588.515305
579.211142
571.156404
564.702212
557.720711
554.829855
547.489238
533.305965
511.686988
506.428234
508.90747
515.959912
531.15829
554.095935
584.642919
623.151936
653.444792
678.916155
701.891678
725.046134
751.836286
787.79273
916.687636
935.673432
967.210523
978.257718
975.748912
963.482754
947.020557
939.174872
932.184751
917.29595
915.38337
908.675159
895.27525
872.441535
860.054776
868.564543
887.355932
879.541582
872.205297
857.031525
831.915615
796.906197
760.904195
725.857152
690.542817
629.982006
611.579014
609.251863
606.002055
591.277612
583.77982
588.656549
613.132599
633.108648
651.931659
668.048128
677.78545
671.351213
655.504034
632.789416
607.908903
579.917177
546.99529
509.761733
474.88775
459.289584
453.796996
453.148404
434.376106
435.2064
458.820503
508.551173
525.707791
528.032866
527.563221
538.625275
560.769574
586.36114
608.538167
614.049552
605.863916
598.017419
592.080781
586.824728
585.524031
577.74822
560.199406
529.976973
515.940668
510.192715
510.164337
522.727867
548.352917
583.627939
626.665629
663.398932
692.89559
718.794433
745.309409
768.498856
791.592945
896.831515
910.654932
936.46006
952.576518
961.580989
964.622858
956.383163
945.994477
929.517226
901.886664
901.780048
897.45555
885.770996
862.823921
848.7674
849.839899
862.197196
872.17125
883.771126
878.978721
854.664014
818.95742
784.093101
742.005201
689.809238
637.664003
629.605771
634.037632
630.064754
619.815306
615.089992
620.868468
643.999942
664.693648
683.952796
698.369578
700.65908
680.940938
664.157071
649.40057
622.856761
600.746081
573.147758
539.000069
507.136945
497.012762
495.68224
495.577177
465.988699
436.386304
434.008385
479.558598
513.733014
523.586681
524.997718
536.41403
558.943105
587.35227
615.208263
630.181578
628.376072
623.919269
619.574016
617.928571
620.648244
612.497489
589.625419
553.780679
536.336962
524.975905
515.629917
523.004855
549.447826
584.610268
621.603884
669.984341
710.378329
744.986721
776.019263
793.494946
805.068656
892.809119
908.418097
929.641414
939.209162
945.52474
953.782991
950.603735
937.149238
917.354789
895.097093
891.913016
885.284063
874.775926
861.162353
855.28961
850.709444
845.879275
838.555388
851.759749
851.265556
830.076582
796.650682
760.895461
720.211924
675.36819
651.485903
650.552136
653.895988
649.054718
645.392642
647.412557
656.275111
673.994799
697.287161
718.972547
732.259995
723.710377
699.952813
684.566205
674.305648
648.610884
632.933877
606.693281
567.845146
535.579681
528.842396
529.972166
528.803226
488.101693
446.140752
426.294374
446.552255
491.189492
516.02983
527.213415
530.889817
554.941832
589.082342
624.852402
646.701812
652.296291
652.146407
649.316943
648.898629
654.588771
644.317653
613.824946
573.646967
551.915353
535.437205
519.737719
519.858487
540.839141
572.265005
607.317456
654.975432
697.6846
734.414872
763.316225
771.676657
773.904348
899.529542
916.393226
932.3761
932.122362
931.579296
941.11108
941.437472
926.979317
908.284559
896.958518
891.034896
882.661357
873.92707
869.444369
870.311789
858.267029
833.811411
804.894037
811.978632
811.399349
793.599592
765.213985
731.574237
697.454601
667.108097
667.782873
671.979516
673.854636
669.374293
671.281287
679.790613
691.692215
703.537826
729.475894
753.158473
765.120211
747.271069
723.627022
710.735641
703.705511
679.784714
669.054201
642.402853
597.391325
563.876781
558.899766
560.586932
556.691452
507.42339
459.97005
427.664678
421.250649
466.193098
502.87145
525.715978
526.664677
550.78286
588.480987
630.965391
662.309421
676.849642
681.992447
681.107285
681.506139
686.373322
671.280197
632.796461
590.585855
565.444444
545.499418
526.505794
518.737627
530.359407
554.506664
587.062394
630.522687
672.463502
708.769738
733.764665
733.801483
730.107955
928.992247
939.702623
947.326614
935.846226
926.166519
932.104506
933.352726
925.152241
917.184072
920.49199
916.918919
912.467965
907.926222
904.223054
899.034671
872.067771
828.646144
792.417533
781.864769
771.614299
756.187579
739.56992
719.661276
702.344785
690.481855
687.293756
692.6281
698.151381
698.225463
700.608513
711.529629
724.546928
732.292239
759.502882
782.142511
791.663864
772.376048
755.098005
746.444433
741.263865
720.14093
708.977469
679.276546
629.581442
594.785444
587.872849
585.192469
574.365193
525.214022
480.337575
445.251243
424.754189
441.656695
473.671969
508.022233
529.439333
547.869049
579.549931
622.954462
674.57597
702.357265
715.315085
717.856257
719.650784
711.972762
684.520213
638.685148
601.020843
576.09642
557.751977
543.196804
527.114536
521.565184
529.637563
554.519477
592.316902
630.243672
663.041099
683.649386
680.752126
680.723467
952.554839
960.864626
951.27191
934.083515
921.200713
920.783065
925.391022
924.29757
924.036514
932.125709
926.456232
918.471903
908.710989
896.943369
880.08701
855.863645
828.002307
808.886063
799.100368
785.833037
767.406384
752.19043
738.649732
727.323752
718.931021
718.081647
725.206215
733.423218
738.081627
740.706645
750.93077
762.843188
769.660792
790.828878
810.14614
818.879575
800.47922
788.64716
783.378874
779.481317
760.146905
735.890982
698.688103
651.895343
627.938699
619.644387
610.606241
591.738711
538.138226
497.236871
462.868147
431.364857
431.021158
453.834376
486.907871
515.580076
536.022752
564.987233
602.986189
650.215653
684.274782
712.388492
734.053734
743.603375
727.602031
694.555873
650.557612
620.683442
595.316713
575.718409
562.068753
545.194379
531.408742
529.04635
544.897123
561.695551
586.008569
610.489658
625.964831
628.33225
630.031121
970.768766
978.44529
949.19031
929.605984
916.801974
909.462885
917.106741
922.296663
927.362812
934.946249
924.837081
909.930688
891.344963
869.590161
841.702033
829.867793
833.196203
841.145988
840.289045
826.885448
802.688156
783.484558
772.517487
761.820361
749.606015
754.322086
763.530967
773.718611
782.472674
785.200302
793.140025
802.911743
810.718986
822.737248
837.409281
845.744031
829.70149
822.900894
820.402177
816.758857
796.298892
754.031934
708.996182
670.168315
662.15055
652.66203
635.894659
607.495259
548.714874
512.428436
480.257181
439.781074
428.284466
440.184163
465.592406
493.80269
518.960388
546.509112
576.530226
608.862621
645.11625
689.577309
735.163251
756.09853
736.219761
702.877847
666.102902
644.732785
618.34331
596.218386
582.100497
567.80142
550.522101
541.117116
547.88293
537.870702
544.653334
558.937253
569.801568
580.519052
583.075136
965.31214
970.695239
943.346349
926.216682
915.851698
910.32762
904.876863
903.461464
905.395289
910.216027
895.08813
877.812469
863.019929
858.119877
855.215641
861.515009
874.311148
882.687214
877.444841
858.371672
828.323118
804.529099
796.052556
788.01192
776.354423
787.022573
797.891981
807.674807
815.370198
818.006283
823.775573
832.490726
844.211939
853.770414
862.255496
865.482811
854.602366
853.432078
851.889454
840.959355
794.882327
750.874089
718.03306
699.050536
695.384906
683.707297
655.651353
608.295607
560.874457
528.393697
495.156531
450.322612
433.22646
440.578336
460.206787
478.520307
495.52823
517.604862
546.60635
586.336387
619.643143
654.035436
690.049773
726.056601
725.56386
710.525111
687.741995
665.119589
635.238587
612.581281
602.524293
585.682835
566.425691
555.009095
559.276713
543.665229
543.343808
553.476443
568.99551
576.503004
581.203506
955.873968
964.075241
945.33362
929.511729
917.954553
911.610946
894.964037
887.014252
885.31315
887.668081
877.803912
868.88675
864.43374
870.404309
880.579228
896.314805
914.307189
923.768176
916.839049
893.623669
857.603191
829.249516
820.898637
815.426068
807.716582
820.830209
831.814013
840.830265
847.797995
848.228097
852.707876
861.664414
876.025357
884.445838
889.084626
889.24704
882.841306
883.64823
880.389115
863.662507
806.618352
762.930514
738.797442
733.341369
730.800181
715.118401
676.616289
613.668456
573.256562
538.557676
501.438887
456.244307
434.980007
438.345421
455.527
474.725133
486.250154
499.235904
518.492757
553.339297
583.870884
616.725166
654.313012
701.98609
721.597431
724.471275
712.921563
684.657474
653.644109
631.264448
621.371294
601.628973
583.490523
571.815086
570.483251
557.336391
552.028554
558.02983
580.743004
589.616058
598.19913
942.727239
958.507816
954.615188
939.032825
922.901208
913.284162
887.209398
872.791301
866.987128
867.152786
872.129804
881.563376
893.547402
904.814754
916.980319
934.051029
953.261042
964.420433
958.318196
932.383244
890.278454
857.393778
846.965844
843.978981
843.376156
855.669086
865.327161
873.239888
879.788272
876.042923
880.053713
890.460595
906.274393
914.788048
917.760717
916.76072
914.189442
913.57095
906.105998
884.970976
830.605182
789.158068
770.485253
772.669981
768.246845
746.870258
698.706624
623.300301
585.84593
543.318128
499.695059
457.862911
433.763718
433.665539
451.50465
481.629566
490.155711
490.679902
492.065329
510.589266
538.505615
577.767747
627.310067
683.477577
723.861823
744.284465
741.398861
703.404645
673.456328
652.108803
638.749608
615.772523
601.636978
591.335293
581.515383
578.344142
570.022332
571.910808
604.183339
618.683786
632.768408
942.677841
961.691124
963.315866
947.416685
925.76845
905.940568
892.457618
887.458691
888.301771
892.535109
900.150313
910.650338
923.06818
935.847728
944.607316
961.208224
982.839897
996.206895
997.541508
976.532311
934.256458
892.325004
879.57878
878.122705
881.509675
895.823208
905.179238
911.27433
915.016224
913.584822
919.346085
929.590278
941.560654
950.007541
946.829473
933.750226
913.779747
897.60484
880.700476
857.575462
811.779875
779.821701
765.0277
765.634561
765.121726
746.003148
701.172789
630.378242
585.767073
538.412027
494.399197
458.321172
434.860034
444.845467
473.546583
504.879224
521.759333
522.625047
516.555233
521.052288
531.322185
562.169418
611.06155
663.946346
701.308456
729.629448
745.505808
718.937476
695.899125
676.911738
661.839506
642.890817
627.485642
617.507204
614.654719
608.535153
587.915536
575.156572
598.967485
622.875918
644.498672
951.763156
971.782124
973.984534
955.139748
929.344096
905.894706
905.189462
907.949494
913.209964
920.110455
926.454281
936.529498
949.264176
962.556104
969.540875
985.600865
1007.486901
1019.142341
1026.519301
1011.129833
971.449982
925.697131
912.403992
912.312573
918.286602
933.887646
942.84606
948.06054
951.26253
951.912032
958.262157
967.216402
975.384911
973.470145
958.844987
932.918935
897.372375
867.597342
843.243018
819.531385
781.096876
752.229466
737.917915
737.486186
738.517036
722.922078
686.747784
629.434336
578.685797
528.805189
485.131278
451.934491
434.745725
453.056288
487.725678
517.10112
540.159992
547.468091
545.182381
545.54261
542.44608
557.81902
592.879368
642.945193
680.198296
714.565911
743.18177
733.282059
719.288593
703.536033
687.062974
671.111044
655.451569
646.623339
649.743515
639.88359
609.518453
583.228238
592.142941
621.275217
651.915442
974.831937
992.55626
987.986756
961.869164
934.296113
918.857704
929.162893
935.41733
940.366127
947.010246
946.720213
955.516431
969.88253
982.378074
990.814647
1006.385485
1024.801495
1028.167836
1038.640361
1029.305682
996.274131
955.831554
944.965449
946.051973
952.570035
967.96922
976.274237
982.236582
988.900072
990.630116
995.424456
1001.362834
1006.298273
976.885183
942.411973
903.390048
857.307648
818.524643
790.528529
768.340247
734.696611
697.576628
678.238195
678.535872
676.621168
665.908261
646.03233
615.366555
561.133082
512.27849
469.580766
434.253267
432.396324
454.824486
486.34644
509.408513
533.951319
556.658488
575.899656
588.383814
580.469377
570.004881
570.461215
619.591548
663.833491
702.072929
732.44211
745.950153
744.007133
732.821411
715.302328
699.943316
686.218456
680.017275
685.994966
672.294156
637.31141
600.343234
585.341202
612.369744
654.29999
997.978887
1008.987623
999.205553
973.410596
950.991429
945.164479
954.775346
960.832868
965.192301
969.804165
964.548113
971.88187
987.913738
1004.274681
1013.146972
1023.160456
1033.887158
1040.489558
1051.824592
1044.688521
1016.423621
985.077597
975.09041
976.984115
987.094525
1002.222542
1013.152144
1021.4954
1028.110803
1027.114762
1022.31518
1007.749998
975.486165
939.80621
900.8356
858.783151
813.680817
773.417202
739.690676
713.427402
697.554722
665.321155
639.954589
626.643963
620.954829
613.344921
601.564181
583.118504
541.364595
494.124352
452.635326
425.510652
439.80495
461.468058
485.428816
505.757552
533.366464
565.747179
598.179203
621.519113
620.339735
600.485123
577.454214
600.35384
646.256618
695.942757
741.869401
768.336275
772.326185
763.140916
744.956289
727.559938
717.089361
711.568002
709.781375
689.262644
659.170282
627.048956
602.14576
611.053965
650.065197
1020.782891
1024.26674
1009.747295
987.132647
971.830397
974.452206
980.85118
985.805695
989.308551
991.21336
983.073801
989.340074
1006.127262
1025.110269
1035.406334
1040.555773
1044.14709
1055.917629
1067.188804
1060.975341
1036.558735
1014.307234
1005.782102
1008.371725
1020.89697
1035.886214
1049.685199
1059.292714
1062.282888
1053.522338
1036.996672
1004.246486
943.790452
907.09317
867.863057
825.953436
783.433997
740.817802
699.325965
664.955759
657.34867
634.185619
608.895338
586.264867
574.638416
565.354673
557.239431
548.209723
517.53215
473.562279
437.282817
424.267719
451.626222
471.379112
488.300055
507.907487
535.917738
572.297311
611.664552
643.620801
654.090994
633.086919
594.520003
588.48093
629.947674
685.614882
743.925989
786.128634
799.021895
793.699105
775.102238
756.149369
748.016931
742.34672
733.139396
706.498294
681.124078
655.095543
625.948008
614.379506
644.088209
1042.391297
1039.242291
1020.297425
1004.176066
996.884716
1002.825013
1007.13573
1010.971301
1012.959029
1011.360216
1005.869743
1012.520865
1027.028949
1040.769053
1056.571199
1063.232823
1064.920177
1078.946471
1088.895056
1082.49959
1060.415655
1044.19902
1040.310002
1043.527051
1052.120521
1067.464109
1082.297797
1088.165114
1078.546553
1048.451665
1019.639877
990.462357
958.947338
921.449708
883.577991
844.175136
800.246331
746.32842
692.035209
640.756821
599.558099
588.689115
584.442041
578.215017
554.176749
528.878355
516.414135
519.173163
482.065274
446.360336
428.315665
440.584779
470.151959
488.149764
503.311653
525.95578
544.291335
570.545958
602.91095
637.110525
666.144848
657.943881
621.135883
597.611194
618.803327
656.293779
705.380056
780.914403
817.453409
824.211699
805.732324
788.931669
779.047757
772.062134
765.133538
737.067541
708.176143
679.837059
653.825541
626.913072
637.695015
1055.359422
1052.490122
1036.199868
1025.985115
1022.540762
1026.598456
1025.446448
1022.600978
1018.032491
1011.543316
1006.80603
1012.556876
1025.5448
1039.685155
1060.842375
1075.628996
1083.470109
1087.414662
1087.37054
1079.046429
1063.806146
1055.741093
1047.226051
1041.987609
1043.39842
1071.237887
1088.655371
1087.200637
1059.80596
1012.621629
977.053995
951.243687
933.934743
910.842063
888.808356
863.313449
824.48182
765.148687
705.428193
647.997536
592.886689
569.751661
553.857659
538.523422
520.60068
497.805721
481.618748
475.236037
452.099933
437.421628
437.322182
457.098522
489.333873
511.541658
530.531025
554.251236
571.564528
595.259577
623.266308
650.51187
680.535905
680.629866
652.795315
616.985256
614.984883
639.332817
689.372765
770.435224
823.609139
845.395568
834.689497
819.606951
813.766315
809.555288
801.428012
769.395731
736.476993
705.862749
681.760978
654.889059
648.857576
1062.765176
1061.864898
1050.845109
1045.711964
1043.750334
1043.202682
1034.283796
1022.144197
1008.960754
997.112421
992.302426
996.505761
1008.269871
1025.554627
1052.176162
1078.158803
1095.81815
1084.207514
1069.396625
1057.749616
1051.181775
1051.545446
1034.555219
1017.831982
1012.141382
1057.789813
1079.001917
1070.145316
1025.499689
966.101631
926.431234
901.893527
888.530323
883.619054
882.457625
876.170188
847.40133
787.479867
726.974237
669.057726
610.777998
564.60518
522.313984
486.129639
480.866276
469.883544
452.525706
430.301762
430.015048
440.478869
456.325959
474.251783
508.5314
537.665711
563.395701
587.509352
607.766153
632.563683
657.878259
674.782761
697.091299
702.567332
686.598533
642.445948
617.091883
630.143491
683.763032
756.485975
821.413755
859.401515
862.03829
849.622818
850.594284
850.505393
838.665561
800.855705
764.114432
731.828763
708.653958
690.053458
669.617288
1058.681977
1040.946652
1024.91817
1019.550613
1016.742695
1011.017411
988.50848
969.491088
953.02189
938.269483
934.867564
937.640766
947.240815
966.161282
1000.139901
1034.08383
1056.833256
1038.299886
1005.382232
985.353771
982.553085
983.1522
966.803204
955.093646
960.025029
1014.242469
1043.474626
1045.026789
1015.317905
971.081188
925.462698
882.025356
845.162224
817.683626
813.172867
820.564098
818.387494
776.223951
723.672858
666.816525
612.006517
561.239773
512.914688
469.417596
446.857989
445.817688
449.910841
452.715534
459.242042
470.240065
483.271413
496.867599
524.476145
557.074979
590.044946
617.821823
636.257715
659.964472
685.73734
705.766376
723.444236
728.200176
715.922115
676.376028
641.202256
635.50857
666.423483
734.718164
798.349252
849.11495
881.773933
883.905096
889.642167
886.078433
863.111326
814.367854
778.532888
750.513972
724.674957
717.83514
696.433892
1047.190369
1009.196364
981.734059
971.754082
966.287661
956.788231
933.057905
913.501293
897.090244
882.953679
883.289661
887.841806
897.303721
914.486258
947.258163
982.257167
1008.349252
995.027481
954.59556
928.975812
925.299606
925.223984
909.585023
904.090427
921.501199
979.665142
1011.270853
1018.614496
1001.679927
967.883152
921.774579
867.997023
811.274988
765.205317
752.256357
761.531892
772.198037
747.936321
707.145469
656.14491
606.494039
552.952497
499.5225
451.651962
435.257773
444.070159
460.17187
475.861491
486.930915
497.383091
507.496251
517.570686
541.942014
574.515405
610.026553
642.372284
664.618493
688.275236
712.738348
735.596377
753.00632
757.737501
746.541173
710.592584
672.726755
652.515287
658.594613
710.720653
768.49252
824.983906
875.379722
897.224291
915.515418
915.433992
884.937129
834.765801
797.817995
769.547227
745.081157
743.315957
724.484606
1028.817143
967.384269
922.519883
903.860786
894.05251
882.08262
868.620052
854.412072
841.165302
830.914203
837.152247
846.464224
857.669871
869.980728
893.591068
923.230013
951.041593
954.202918
916.096025
887.476754
878.612481
877.01666
862.151644
863.987873
895.603366
953.419998
982.154272
991.00043
984.831514
957.08901
915.56026
859.393273
786.194457
725.227232
699.113053
699.31719
710.054267
703.828054
678.332535
637.642344
594.719899
540.093332
482.421346
432.907653
444.472256
463.053965
482.393225
499.687569
513.19104
522.094117
529.19393
536.497052
560.820843
590.126988
623.814638
661.570454
692.857788
717.43127
738.942298
764.354794
785.549358
790.901671
778.363587
745.075246
711.138183
680.33584
659.600145
684.65199
732.326535
787.992825
844.713676
891.071026
929.150844
939.014176
904.329268
861.559917
821.623702
788.903781
769.560739
766.659518
753.681675
969.65199
921.387259
869.186214
844.591991
832.241279
822.608323
811.139511
803.159885
798.497176
797.271018
803.462582
812.907684
825.802838
843.298194
866.922076
890.139667
909.354626
915.521788
885.89244
855.634996
833.60083
821.368712
815.774629
836.554892
888.83643
919.569384
928.306078
932.276173
942.618368
926.114905
890.250131
836.668468
765.616076
704.355337
666.003543
648.910715
651.030606
657.329033
634.181825
586.231264
541.300135
496.979748
464.686842
449.941076
467.239933
486.088049
506.504286
527.958853
542.627215
549.768142
554.647221
560.94219
580.059557
607.871718
640.296677
672.823124
705.241019
739.416287
772.63827
799.167843
821.339314
828.196946
817.488032
785.373557
756.347452
724.394246
693.164534
694.542928
733.336598
783.323531
832.997307
876.564435
914.212319
936.214853
934.278892
889.532899
847.944272
814.802724
797.518436
790.976467
786.31675
928.821852
886.50796
831.251946
798.980126
780.982068
772.237826
762.205983
759.405574
761.763509
767.41067
770.725546
779.965355
795.662615
818.823523
843.674215
864.635947
880.171792
887.2184
860.969766
826.710401
792.601291
770.368507
775.420698
810.167807
870.573401
878.910062
870.03123
867.510543
887.570693
891.582663
869.583277
824.528983
757.699373
699.500141
653.805432
620.833741
602.105354
609.65594
590.526094
544.803527
493.859869
464.621299
457.653484
471.225461
492.679543
512.278098
533.585479
557.35801
572.575505
577.65886
579.810582
584.010173
598.793726
623.156456
652.383934
681.222074
714.249035
752.61158
791.44076
820.932823
849.413224
861.12605
853.375409
822.954933
799.011809
766.401101
725.837042
706.370487
735.422319
781.017893
829.128776
870.687849
905.428752
933.599995
954.634821
914.400396
874.697762
841.952186
824.854387
816.912235
819.332124
922.234717
870.485719
818.353579
775.254969
746.284723
735.577357
726.825245
727.379602
733.658159
742.127496
738.416065
747.317691
767.670335
796.362868
823.604554
849.328626
870.3115
875.95566
844.050021
801.735762
758.111222
727.779515
744.974315
784.342636
831.437998
827.645765
806.697513
795.595502
813.555716
853.012015
858.401627
831.284061
770.39855
719.479168
674.486564
628.754966
569.666104
560.2543
549.115723
523.013522
460.216804
452.936429
468.455658
496.251953
521.300253
543.335043
565.42533
588.218348
603.079834
605.634631
604.14385
604.27837
616.656353
634.156727
656.920613
685.617636
719.121323
751.87072
784.80703
820.46055
864.367959
886.41876
883.207849
855.483331
836.817824
803.493301
754.007012
718.07869
735.845584
779.639817
836.538863
879.922502
909.521018
933.739164
958.074116
933.999676
901.937081
870.571984
850.834777
845.446874
852.660259
898.749959
856.387022
809.317839
761.750991
726.84322
713.848092
694.922808
686.099742
687.033411
698.259297
700.655336
716.592387
741.725568
766.896685
793.90447
819.446865
840.016768
845.43077
815.616586
770.260844
720.251547
700.839227
722.383301
756.031995
787.136809
778.091931
756.849069
746.170621
762.477969
804.615087
823.228205
814.239156
770.230983
730.780996
691.649765
645.609915
578.250956
540.918052
515.615594
490.800047
436.842704
442.892738
468.688392
501.987682
529.071072
554.569756
579.003658
602.198536
619.777746
626.757966
629.039379
630.571119
641.830126
657.067473
676.554738
701.02368
729.132039
761.598881
795.711922
826.163826
860.589776
884.733702
894.91636
884.369358
868.770335
834.671689
781.87613
732.156678
741.065011
776.512179
825.58537
887.896772
928.916111
956.742237
976.195301
956.418013
929.26751
900.695578
878.013826
874.86455
882.618865
875.791346
842.638678
800.69824
753.497916
716.579872
700.518662
670.375912
649.296709
641.051194
651.153325
662.799691
687.689792
717.854688
737.811715
760.590763
782.59718
801.047369
808.295653
786.252319
742.686538
688.692193
677.428103
698.921203
725.655776
744.519857
733.594982
713.121163
702.811787
716.97351
755.743613
782.777944
788.014047
757.557121
724.852784
689.621231
646.182458
582.576386
526.166638
487.209323
459.757707
420.901949
435.815423
466.162227
500.819187
530.096787
559.44998
586.763913
610.986791
631.664528
644.816106
653.113027
658.190296
669.06667
683.413257
700.985005
721.790353
743.555602
774.549773
808.616605
832.882598
855.758666
880.381434
903.266847
911.055007
898.282262
863.886519
809.40294
747.837614
748.018154
774.600702
814.942342
891.86537
945.731604
980.397198
997.246663
980.663049
957.284765
931.200375
907.270139
905.339045
911.669083
868.077923
828.50455
790.358466
754.344948
724.310149
702.881929
667.245847
634.622797
611.994109
608.259326
628.991541
663.246197
699.169059
715.583711
723.090898
734.480247
749.882445
764.81916
763.034076
733.143428
680.554908
653.112032
666.310853
690.471908
711.575259
704.366486
678.743806
661.422376
671.459818
713.169734
744.155582
750.621939
714.029791
669.179976
627.268164
586.043263
540.078995
502.45322
469.234724
440.904632
421.20301
437.184495
463.012821
492.364994
525.607231
559.27811
589.988593
616.194596
638.765361
658.270574
674.033122
685.354964
697.242183
711.534155
729.119383
751.386858
768.387237
789.73016
814.073414
838.003176
862.445642
888.830483
915.064925
933.41479
924.446486
891.371226
836.044217
766.896728
756.839135
778.089471
820.007379
883.663905
941.821809
987.910864
1016.195725
1008.66306
987.488714
961.756583
942.401698
938.58409
940.425686
888.858051
847.017155
808.624045
774.587938
747.567544
729.354563
690.157238
646.604156
608.228075
586.374689
597.555259
625.170545
656.532496
669.646793
677.817824
684.622106
693.765563
715.702836
726.481016
708.617907
663.655146
626.063828
633.587007
658.382571
686.600189
682.119114
652.238106
627.927228
631.085641
673.877976
701.104643
703.654127
668.474832
624.501517
581.102567
539.469393
501.171101
470.957748
448.555673
434.460211
431.141245
446.880717
465.354296
483.568511
507.873594
540.858767
573.160171
601.21741
631.593883
658.387527
681.25918
699.757694
721.120046
741.654849
761.484191
780.689249
794.784029
812.145715
832.510888
854.760853
876.767211
901.502009
927.811014
950.528828
947.938701
916.722619
858.702897
792.844201
772.013025
782.349347
818.968596
877.18701
931.69977
978.258878
1013.141167
1023.869859
1015.819215
997.648883
979.240883
972.465101
971.248082
919.469106
877.164381
836.337092
799.871898
773.786813
762.115436
719.848166
667.194513
614.932368
575.369428
568.442586
581.520227
603.133636
613.785794
629.832729
635.475177
637.82653
665.559732
684.655707
677.532868
642.773128
598.155627
601.549913
628.36883
665.261407
662.162462
629.116398
598.82662
594.296488
636.148978
655.311961
651.431063
621.89754
584.84372
542.976962
500.543799
465.447897
438.571459
429.910918
436.721366
446.996973
461.77222
472.408851
478.121956
487.369373
515.412524
546.718743
575.780194
615.72276
649.584827
678.940215
704.696961
738.969274
768.837247
792.735318
808.200234
821.184641
837.864514
857.340284
877.446112
895.401731
916.92055
941.56594
965.41339
969.023676
939.289821
878.204435
821.66145
790.830828
787.63529
814.397854
871.466437
919.558221
961.904797
1000.44257
1031.667378
1041.281889
1034.497578
1016.29346
1006.337424
1002.995437
902.49715
856.521376
812.036315
776.161646
749.988172
734.199911
683.87316
637.361799
596.943317
565.790614
550.506369
551.87284
564.604295
579.979811
594.526008
602.429578
609.127176
634.077586
658.34682
657.48707
626.880046
575.641164
577.002357
603.323237
639.530003
629.361723
599.567898
573.345438
567.144371
597.266747
604.7086
595.574933
575.460568
539.168565
502.506697
468.811178
443.302333
437.22363
445.623587
462.752886
472.829533
486.110792
498.63863
508.122636
507.072816
513.086547
526.671091
548.896653
585.719421
619.632941
651.015505
680.06005
718.280838
756.19296
791.044084
819.207876
839.579346
859.615805
879.733248
899.930819
918.169807
938.262036
960.593667
984.838749
979.633747
944.82271
886.425761
843.934553
813.641488
799.276513
805.679894
864.488044
919.036378
966.377192
1003.85061
1030.706977
1047.533576
1053.538622
1046.715413
1036.853743
1033.427081
884.479447
836.962625
790.824352
752.281868
721.986732
700.464837
657.591743
621.56779
591.57315
567.248435
547.036503
536.881151
535.92315
543.071807
553.276106
563.806075
576.088928
595.920127
622.576805
630.162991
611.387537
561.922525
555.090352
572.773032
603.462142
586.038408
561.337616
542.076623
537.499163
555.157075
554.09829
542.257187
527.928826
496.379583
469.653777
450.347545
442.132706
449.183608
463.2624
480.917794
494.858993
507.271828
520.628465
533.307469
532.124182
529.322436
531.549129
542.934121
576.238772
605.149254
631.328184
655.861983
689.863691
728.561859
767.570182
801.600922
831.395541
861.335274
890.209141
914.977571
937.591857
960.054848
982.692964
1005.66685
993.244033
957.649132
907.037797
873.686657
843.919926
820.093819
807.070902
852.025311
901.240847
947.0449
983.599539
1010.743465
1034.507696
1052.718649
1062.135872
1061.237929
1062.326835
865.493012
818.408278
772.47373
728.245049
690.092004
661.338788
640.290039
618.778618
597.892561
578.930107
556.967624
535.465855
516.364938
503.290227
506.520703
520.01545
539.03132
551.578953
578.04242
596.096631
596.266101
556.351949
535.619807
537.123597
557.819046
532.967442
515.064914
505.446399
505.544467
510.057646
503.481543
491.290886
479.382936
456.264225
443.857228
444.175717
460.394259
473.47135
482.685509
491.79542
513.365428
525.489337
538.690603
554.031115
562.129628
562.753219
559.517228
556.351887
585.769437
604.994623
619.271617
632.070442
654.287007
687.047636
723.917778
757.486671
798.590578
844.498148
889.645583
923.13413
953.914298
982.265747
1007.637629
1027.794391
1009.633587
977.231961
939.12804
910.366977
881.116184
849.411442
817.826413
834.482125
867.443733
905.660997
941.431714
973.176309
1003.623929
1033.500306
1063.65961
1079.941577
1089.807512
866.816067
823.194841
775.358507
734.444008
702.620736
681.801114
661.217055
634.267864
609.093083
595.128346
582.980689
564.623089
542.392616
520.97658
512.995996
505.707729
499.985389
503.97849
524.630708
545.558416
558.400767
538.542499
512.44216
504.352827
520.068377
496.705864
483.927786
473.781739
461.131731
459.293399
457.814598
455.798949
452.142352
447.894044
453.175909
465.758398
481.140173
493.014173
503.410218
512.758538
521.471014
541.37364
560.581809
575.447257
582.219978
586.128298
585.843491
582.04404
593.291332
617.924448
642.499917
657.569148
673.534006
693.846295
716.855833
740.817735
777.212152
820.645306
866.208441
904.951959
946.324444
984.316586
1017.287963
1042.15655
1025.22063
1000.910456
977.326056
949.865681
920.118237
888.641363
857.140034
846.44015
874.292465
913.79875
946.178421
976.584895
1009.173067
1040.317802
1065.348855
1083.88989
1108.720039
874.049667
829.866856
783.605377
745.41735
716.864499
699.377351
675.191058
647.483558
624.641231
616.674962
607.158844
588.490928
564.024671
540.102299
526.694048
507.908509
487.004295
480.620936
488.60266
502.173893
516.022032
511.927887
489.168331
476.970894
484.429534
467.540938
457.936693
448.534748
434.706534
435.939911
441.845041
447.712047
448.004375
452.142876
466.748676
486.449685
500.740398
512.395341
524.355951
535.060302
538.00351
558.069279
579.171157
595.988996
601.063479
607.444581
611.194565
610.744826
609.448145
631.840365
659.756074
680.69998
695.14764
709.92804
725.053231
740.570479
772.660738
809.874473
849.962264
890.059355
937.640756
982.735859
1022.934007
1054.455392
1043.475325
1027.754781
1014.396934
987.256009
956.00073
924.763834
894.942682
860.597455
881.556654
922.025762
957.252292
986.385384
1019.386265
1050.634662
1072.935593
1091.375782
1123.127772
889.220015
837.531926
798.796059
761.53971
729.895158
706.735438
674.159718
655.265409
646.945258
646.668338
626.830149
600.807665
574.216006
556.367942
547.498161
534.763117
517.377796
497.716165
482.178576
472.141702
468.242894
471.845476
466.073476
458.252207
451.568449
448.596798
439.088175
433.464693
439.212302
458.50587
474.613813
483.606065
480.188778
474.396641
484.163385
503.131765
518.21622
531.941746
545.549007
558.659018
569.443258
576.321711
591.941971
615.019204
618.746526
626.268355
635.080186
643.308945
640.090931
646.195604
663.900222
695.410769
715.678404
736.977292
755.186786
765.019177
794.938448
821.412569
847.714343
883.019039
929.327371
976.979591
1023.343121
1064.045233
1066.221886
1059.469159
1049.043485
1020.896883
986.551276
954.834657
927.636533
875.705479
885.799883
925.881547
974.525158
1003.034044
1034.000231
1064.371898
1090.275686
1106.067721
1130.855756
899.432047
849.397393
808.702546
770.956373
739.385596
716.424717
692.258553
682.590211
678.746519
671.407727
647.674266
623.201221
599.841617
579.799609
572.878689
562.608152
546.481377
522.813417
504.493567
490.084269
479.22471
471.61853
461.865774
454.659193
451.750454
449.072466
439.845711
436.524364
448.035696
468.409022
484.894461
495.44234
497.079896
495.556638
501.017085
513.184823
531.2788
547.907262
564.769772
581.390198
595.442765
599.61769
611.462663
632.155525
642.138392
650.740017
660.747025
672.51147
674.339167
672.191797
679.619707
706.72987
733.663781
759.810043
781.771233
795.032557
820.275857
845.561462
869.699589
891.525388
927.231381
970.008326
1016.468587
1058.759029
1077.635595
1084.25527
1079.235244
1049.85037
1011.929975
979.807795
956.768484
897.160132
896.112648
926.560196
970.863129
1010.141837
1047.961589
1082.216474
1109.937424
1129.986903
1154.399457
